# Name, Value, Error(+/-): UnitCellsi
graphite_4.00A, 0.000000, 0.000000, 5 6 6
graphite_4.00A, 0.000000, 0.000000, 5 6 1
graphite_4.50A, 0.000000, 0.000000, 5 6 1
graphite_5.00A, 0.000807, 0.000011, 5 6 1
graphite_5.50A, 0.053435, 0.000244, 5 6 1
graphite_6.00A, 0.182123, 0.000795, 5 6 1
graphite_6.50A, 0.255294, 0.001245, 5 6 1
graphite_7.00A, 0.278579, 0.001609, 5 6 1
graphite_7.50A, 0.284933, 0.000743, 5 6 1
graphite_8.00A, 0.288324, 0.000831, 5 6 1
graphite_8.50A, 0.292757, 0.000439, 5 6 1
graphite_9.00A, 0.298190, 0.000231, 5 6 1
graphite_9.50A, 0.304775, 0.000480, 5 6 1
graphite_10.00A, 0.312325, 0.000529, 5 6 1
graphite_10.50A, 0.319801, 0.000575, 5 6 1
graphite_11.00A, 0.328197, 0.000774, 5 6 1
graphite_11.50A, 0.336742, 0.001092, 5 6 1
graphite_12.00A, 0.344917, 0.000465, 5 6 1
graphite_12.50A, 0.353310, 0.000528, 5 6 1
graphite_13.00A, 0.361511, 0.000793, 5 6 1
graphite_13.50A, 0.370284, 0.000372, 5 6 1
graphite_14.00A, 0.378317, 0.000746, 5 6 1
graphite_14.50A, 0.386188, 0.000272, 5 6 1
graphite_15.00A, 0.393799, 0.000230, 5 6 1
graphite_15.50A, 0.401971, 0.000554, 5 6 1
graphite_16.00A, 0.409298, 0.000511, 5 6 1
graphite_16.50A, 0.416756, 0.000319, 5 6 1
graphite_17.00A, 0.423756, 0.000785, 5 6 1
graphite_17.50A, 0.431059, 0.001191, 5 6 1
graphite_18.00A, 0.437892, 0.000531, 5 6 1
graphite_18.50A, 0.444458, 0.000367, 5 6 1
graphite_19.00A, 0.450991, 0.000366, 5 6 1
graphite_19.50A, 0.457660, 0.000770, 5 6 1
graphite_20.00A, 0.463669, 0.000304, 5 6 1
graphite_20.50A, 0.469798, 0.000154, 5 6 1
graphite_21.00A, 0.475890, 0.000822, 5 6 1
graphite_21.50A, 0.481495, 0.001026, 5 6 1
graphite_22.00A, 0.487300, 0.000746, 5 6 1
graphite_22.50A, 0.492832, 0.000514, 5 6 1
graphite_23.00A, 0.498123, 0.000450, 5 6 1
graphite_23.50A, 0.503675, 0.000440, 5 6 1
graphite_24.00A, 0.508799, 0.000677, 5 6 1
graphite_24.50A, 0.514104, 0.000383, 5 6 1
graphite_25.00A, 0.519177, 0.000543, 5 6 1
graphite_25.50A, 0.523823, 0.000671, 5 6 1
graphite_26.00A, 0.528617, 0.000803, 5 6 1
graphite_26.50A, 0.533248, 0.000749, 5 6 1
graphite_27.00A, 0.537838, 0.000349, 5 6 1
graphite_27.50A, 0.542516, 0.000621, 5 6 1
graphite_28.00A, 0.547150, 0.000850, 5 6 1
graphite_28.50A, 0.551256, 0.000477, 5 6 1
graphite_29.00A, 0.555716, 0.000419, 5 6 1
graphite_29.50A, 0.559683, 0.000631, 5 6 1
graphite_30.00A, 0.564201, 0.000536, 5 6 1
graphite_30.50A, 0.568199, 0.000801, 5 6 1
graphite_31.00A, 0.571715, 0.000481, 5 6 1
graphite_31.50A, 0.575902, 0.000583, 5 6 1
graphite_32.00A, 0.579697, 0.000522, 5 6 1
graphite_32.50A, 0.583583, 0.000585, 5 6 1
graphite_33.00A, 0.587294, 0.000269, 5 6 1
graphite_33.50A, 0.590731, 0.000548, 5 6 1
graphite_34.00A, 0.594376, 0.000378, 5 6 1
graphite_34.50A, 0.597931, 0.000531, 5 6 1
graphite_35.00A, 0.601379, 0.000748, 5 6 1
graphite_35.50A, 0.605013, 0.000631, 5 6 1
graphite_36.00A, 0.608178, 0.000555, 5 6 1
graphite_36.50A, 0.611093, 0.000649, 5 6 1
graphite_37.00A, 0.614695, 0.000307, 5 6 1
graphite_37.50A, 0.617431, 0.000395, 5 6 1
graphite_38.00A, 0.620757, 0.000245, 5 6 1
graphite_38.50A, 0.624062, 0.000193, 5 6 1
graphite_39.00A, 0.626885, 0.000395, 5 6 1
graphite_39.50A, 0.629672, 0.000616, 5 6 1
graphite_40.00A, 0.632833, 0.000521, 5 6 1
