# column 1: diameter d [A]
# column 2: cumulative pore volume
# column 3: PSD
# value at d=0 is related to the void-fraction
0.05 0.8327 -0
0.15 0.8327 -0
0.25 0.8327 0.001
0.35 0.8326 0.004
0.45 0.8323 0.004
0.55 0.8322 0.002
0.65 0.8321 0.004
0.75 0.8318 0.007
0.85 0.8314 0.011
0.95 0.8307 0.008
1.05 0.8306 0.007
1.15 0.83 0.014
1.25 0.8292 0.017
1.35 0.8283 0.014
1.45 0.8278 0.01
1.55 0.8273 0.013
1.65 0.8265 0.016
1.75 0.8257 0.017
1.85 0.8248 0.012
1.95 0.8245 0.009
2.05 0.8239 0.016
2.15 0.8229 0.019
2.25 0.822 0.019
2.35 0.821 0.02
2.45 0.82 0.02
2.55 0.819 0.017
2.65 0.8183 0.017
2.75 0.8173 0.018
2.85 0.8165 0.019
2.95 0.8154 0.024
3.05 0.8141 0.021
3.15 0.8133 0.018
3.25 0.8123 0.015
3.35 0.8118 0.016
3.45 0.8107 0.017
3.55 0.8101 0.014
3.65 0.8093 0.022
3.75 0.8079 0.021
3.85 0.8072 0.018
3.95 0.8061 0.021
4.05 0.8051 0.024
4.15 0.8037 0.027
4.25 0.8024 0.026
4.35 0.8011 0.023
4.45 0.8001 0.021
4.55 0.799 0.019
4.65 0.7982 0.017
4.75 0.7973 0.018
4.85 0.7964 0.022
4.95 0.7951 0.023
5.05 0.7941 0.018
5.15 0.7933 0.02
5.25 0.7921 0.02
5.35 0.7913 0.018
5.45 0.7903 0.021
5.55 0.7892 0.019
5.65 0.7884 0.019
5.75 0.7873 0.022
5.85 0.7862 0.016
5.95 0.7857 0.014
6.05 0.7848 0.017
6.15 0.784 0.016
6.25 0.7832 0.015
6.35 0.7825 0.018
6.45 0.7814 0.016
6.55 0.7809 0.015
6.65 0.7799 0.025
6.75 0.7784 0.032
6.85 0.7767 0.03
6.95 0.7754 0.026
7.05 0.7741 0.028
7.15 0.7726 0.024
7.25 0.7717 0.019
7.35 0.7707 0.022
7.45 0.7695 0.023
7.55 0.7684 0.025
7.65 0.767 0.024
7.75 0.766 0.024
7.85 0.7646 0.036
7.95 0.7624 0.036
8.05 0.761 0.03
8.15 0.7594 0.032
8.25 0.7578 0.032
8.35 0.7562 0.033
8.45 0.7545 0.025
8.55 0.7537 0.023
8.65 0.7522 0.028
8.75 0.7509 0.043
8.85 0.7479 0.041
8.95 0.7468 0.028
9.05 0.7451 0.041
9.15 0.7427 0.043
9.25 0.7408 0.036
9.35 0.7391 0.036
9.45 0.7372 0.037
9.55 0.7354 0.04
9.65 0.7332 0.045
9.75 0.7309 0.051
9.85 0.7281 0.066
9.95 0.7243 0.079
10.05 0.7202 0.082
10.15 0.7161 0.093
10.25 0.7109 0.163
10.35 0.6998 0.303
10.45 0.6806 0.371
10.55 0.6627 0.292
10.65 0.6514 0.174
10.75 0.6453 0.099
10.85 0.6415 0.065
10.95 0.6388 0.062
11.05 0.6353 0.061
11.15 0.6327 0.046
11.25 0.6307 0.045
11.35 0.6282 0.057
11.45 0.625 0.057
11.55 0.6225 0.051
11.65 0.6199 0.048
11.75 0.6177 0.051
11.85 0.6148 0.064
11.95 0.6113 0.075
12.05 0.6073 0.067
12.15 0.6046 0.072
12.25 0.6001 0.082
12.35 0.5964 0.082
12.45 0.5919 0.089
12.55 0.5875 0.085
12.65 0.5834 0.087
12.75 0.5788 0.093
12.85 0.5741 0.09
12.95 0.5698 0.103
13.05 0.5638 0.124
13.15 0.5574 0.143
13.25 0.5495 0.189
13.35 0.5385 0.22
13.45 0.5275 0.231
13.55 0.5154 0.245
13.65 0.503 0.238
13.75 0.4916 0.217
13.85 0.4813 0.295
13.95 0.4621 0.587
14.05 0.4226 0.913
14.15 0.3708 0.687
14.25 0.3539 0.176
14.35 0.3532 0.01
14.45 0.3529 0.016
14.55 0.3516 0.021
14.65 0.3508 0.012
14.75 0.3504 0.011
14.85 0.3497 0.014
14.95 0.349 0.01
15.05 0.3487 0.006
15.15 0.3484 0.005
15.25 0.3482 0.004
15.35 0.348 0.003
15.45 0.3479 0.005
15.55 0.3475 0.007
15.65 0.3472 0.009
15.75 0.3466 0.011
15.85 0.3461 0.009
15.95 0.3457 0.01
16.05 0.3451 0.013
16.15 0.3444 0.01
16.25 0.3441 0.005
16.35 0.3439 0.004
16.45 0.3437 0.007
16.55 0.3432 0.009
16.65 0.3428 0.006
16.75 0.3426 0.008
16.85 0.342 0.009
16.95 0.3417 0.005
17.05 0.3415 0.008
17.15 0.3409 0.012
17.25 0.3403 0.008
17.35 0.3401 0.005
17.45 0.3398 0.005
17.55 0.3396 0.011
17.65 0.3387 0.014
17.75 0.3382 0.011
17.85 0.3376 0.011
17.95 0.3371 0.012
18.05 0.3364 0.011
18.15 0.336 0.012
18.25 0.3352 0.015
18.35 0.3345 0.015
18.45 0.3337 0.015
18.55 0.333 0.014
18.65 0.3323 0.014
18.75 0.3316 0.018
18.85 0.3305 0.015
18.95 0.3301 0.015
19.05 0.329 0.02
19.15 0.3281 0.016
19.25 0.3274 0.016
19.35 0.3265 0.023
19.45 0.3251 0.017
19.55 0.3248 0.01
19.65 0.3241 0.017
19.75 0.3231 0.017
19.85 0.3224 0.013
19.95 0.3218 0.01
20.05 0.3214 0.01
20.15 0.3208 0.014
20.25 0.32 0.016
20.35 0.3192 0.011
20.45 0.3189 0.01
20.55 0.3182 0.015
20.65 0.3174 0.013
20.75 0.3169 0.011
20.85 0.3163 0.01
20.95 0.3159 0.013
21.05 0.315 0.015
21.15 0.3144 0.011
21.25 0.3139 0.015
21.35 0.3129 0.022
21.45 0.3117 0.018
21.55 0.3111 0.016
21.65 0.3101 0.016
21.75 0.3095 0.017
21.85 0.3084 0.019
21.95 0.3076 0.015
22.05 0.3069 0.017
22.15 0.3059 0.022
22.25 0.3047 0.02
22.35 0.3039 0.019
22.45 0.3028 0.022
22.55 0.3017 0.034
22.65 0.2994 0.033
22.75 0.2984 0.025
22.85 0.2969 0.031
22.95 0.2953 0.045
23.05 0.2924 0.094
23.15 0.2859 0.159
23.25 0.2765 0.195
23.35 0.2664 0.235
23.45 0.253 0.528
23.55 0.2136 1.269
23.65 0.1261 1.792
23.75 0.0344 1.255
23.85 0.0006 0.344
23.95 0 0.006
24.05 0 -0
24.15 0 -0
24.25 0 -0
24.35 0 -0
24.45 0 -0
24.55 0 -0
24.65 0 -0
24.75 0 -0
24.85 0 -0
24.95 0 -0
25.05 0 -0
25.15 0 -0
25.25 0 -0
25.35 0 -0
25.45 0 -0
25.55 0 -0
25.65 0 -0
25.75 0 -0
25.85 0 -0
25.95 0 -0
26.05 0 -0
26.15 0 -0
26.25 0 -0
26.35 0 -0
26.45 0 -0
26.55 0 -0
26.65 0 -0
26.75 0 -0
26.85 0 -0
26.95 0 -0
27.05 0 -0
27.15 0 -0
27.25 0 -0
27.35 0 -0
27.45 0 -0
27.55 0 -0
27.65 0 -0
27.75 0 -0
27.85 0 -0
27.95 0 -0
28.05 0 -0
28.15 0 -0
28.25 0 -0
28.35 0 -0
28.45 0 -0
28.55 0 -0
28.65 0 -0
28.75 0 -0
28.85 0 -0
28.95 0 -0
29.05 0 -0
29.15 0 -0
29.25 0 -0
29.35 0 -0
29.45 0 -0
29.55 0 -0
29.65 0 -0
29.75 0 -0
29.85 0 -0
29.95 0 -0
30.05 0 -0
30.15 0 -0
30.25 0 -0
30.35 0 -0
30.45 0 -0
30.55 0 -0
30.65 0 -0
30.75 0 -0
30.85 0 -0
30.95 0 -0
31.05 0 -0
31.15 0 -0
31.25 0 -0
31.35 0 -0
31.45 0 -0
31.55 0 -0
31.65 0 -0
31.75 0 -0
31.85 0 -0
31.95 0 -0
32.05 0 -0
32.15 0 -0
32.25 0 -0
32.35 0 -0
32.45 0 -0
32.55 0 -0
32.65 0 -0
32.75 0 -0
32.85 0 -0
32.95 0 -0
33.05 0 -0
33.15 0 -0
33.25 0 -0
33.35 0 -0
33.45 0 -0
33.55 0 -0
33.65 0 -0
33.75 0 -0
33.85 0 -0
33.95 0 -0
34.05 0 -0
34.15 0 -0
34.25 0 -0
34.35 0 -0
34.45 0 -0
34.55 0 -0
34.65 0 -0
34.75 0 -0
34.85 0 -0
34.95 0 -0
35.05 0 -0
35.15 0 -0
35.25 0 -0
35.35 0 -0
35.45 0 -0
35.55 0 -0
35.65 0 -0
35.75 0 -0
35.85 0 -0
35.95 0 -0
36.05 0 -0
36.15 0 -0
36.25 0 -0
36.35 0 -0
36.45 0 -0
36.55 0 -0
36.65 0 -0
36.75 0 -0
36.85 0 -0
36.95 0 -0
37.05 0 -0
37.15 0 -0
37.25 0 -0
37.35 0 -0
37.45 0 -0
37.55 0 -0
37.65 0 -0
37.75 0 -0
37.85 0 -0
37.95 0 -0
38.05 0 -0
38.15 0 -0
38.25 0 -0
38.35 0 -0
38.45 0 -0
38.55 0 -0
38.65 0 -0
38.75 0 -0
38.85 0 -0
38.95 0 -0
39.05 0 -0
39.15 0 -0
39.25 0 -0
39.35 0 -0
39.45 0 -0
39.55 0 -0
39.65 0 -0
39.75 0 -0
39.85 0 -0
39.95 0 -0
40.05 0 -0
40.15 0 -0
40.25 0 -0
40.35 0 -0
40.45 0 -0
40.55 0 -0
40.65 0 -0
40.75 0 -0
40.85 0 -0
40.95 0 -0
41.05 0 -0
41.15 0 -0
41.25 0 -0
41.35 0 -0
41.45 0 -0
41.55 0 -0
41.65 0 -0
41.75 0 -0
41.85 0 -0
41.95 0 -0
42.05 0 -0
42.15 0 -0
42.25 0 -0
42.35 0 -0
42.45 0 -0
42.55 0 -0
42.65 0 -0
42.75 0 -0
42.85 0 -0
42.95 0 -0
43.05 0 -0
43.15 0 -0
43.25 0 -0
43.35 0 -0
43.45 0 -0
43.55 0 -0
43.65 0 -0
43.75 0 -0
43.85 0 -0
43.95 0 -0
44.05 0 -0
44.15 0 -0
44.25 0 -0
44.35 0 -0
44.45 0 -0
44.55 0 -0
44.65 0 -0
44.75 0 -0
44.85 0 -0
44.95 0 -0
45.05 0 -0
45.15 0 -0
45.25 0 -0
45.35 0 -0
45.45 0 -0
45.55 0 -0
45.65 0 -0
45.75 0 -0
45.85 0 -0
45.95 0 -0
46.05 0 -0
46.15 0 -0
46.25 0 -0
46.35 0 -0
46.45 0 -0
46.55 0 -0
46.65 0 -0
46.75 0 -0
46.85 0 -0
46.95 0 -0
47.05 0 -0
47.15 0 -0
47.25 0 -0
47.35 0 -0
47.45 0 -0
47.55 0 -0
47.65 0 -0
47.75 0 -0
47.85 0 -0
47.95 0 -0
48.05 0 -0
48.15 0 -0
48.25 0 -0
48.35 0 -0
48.45 0 -0
48.55 0 -0
48.65 0 -0
48.75 0 -0
48.85 0 -0
48.95 0 -0
49.05 0 -0
49.15 0 -0
49.25 0 -0
49.35 0 -0
49.45 0 -0
49.55 0 -0
49.65 0 -0
49.75 0 -0
49.85 0 -0
49.95 0 -0
50.05 0 -0
50.15 0 -0
50.25 0 -0
50.35 0 -0
50.45 0 -0
50.55 0 -0
50.65 0 -0
50.75 0 -0
50.85 0 -0
50.95 0 -0
51.05 0 -0
51.15 0 -0
51.25 0 -0
51.35 0 -0
51.45 0 -0
51.55 0 -0
51.65 0 -0
51.75 0 -0
51.85 0 -0
51.95 0 -0
52.05 0 -0
52.15 0 -0
52.25 0 -0
52.35 0 -0
52.45 0 -0
52.55 0 -0
52.65 0 -0
52.75 0 -0
52.85 0 -0
52.95 0 -0
53.05 0 -0
53.15 0 -0
53.25 0 -0
53.35 0 -0
53.45 0 -0
53.55 0 -0
53.65 0 -0
53.75 0 -0
53.85 0 -0
53.95 0 -0
54.05 0 -0
54.15 0 -0
54.25 0 -0
54.35 0 -0
54.45 0 -0
54.55 0 -0
54.65 0 -0
54.75 0 -0
54.85 0 -0
54.95 0 -0
55.05 0 -0
55.15 0 -0
55.25 0 -0
55.35 0 -0
55.45 0 -0
55.55 0 -0
55.65 0 -0
55.75 0 -0
55.85 0 -0
55.95 0 -0
56.05 0 -0
56.15 0 -0
56.25 0 -0
56.35 0 -0
56.45 0 -0
56.55 0 -0
56.65 0 -0
56.75 0 -0
56.85 0 -0
56.95 0 -0
57.05 0 -0
57.15 0 -0
57.25 0 -0
57.35 0 -0
57.45 0 -0
57.55 0 -0
57.65 0 -0
57.75 0 -0
57.85 0 -0
57.95 0 -0
58.05 0 -0
58.15 0 -0
58.25 0 -0
58.35 0 -0
58.45 0 -0
58.55 0 -0
58.65 0 -0
58.75 0 -0
58.85 0 -0
58.95 0 -0
59.05 0 -0
59.15 0 -0
59.25 0 -0
59.35 0 -0
59.45 0 -0
59.55 0 -0
59.65 0 -0
59.75 0 -0
59.85 0 -0
59.95 0 -0
60.05 0 -0
60.15 0 -0
60.25 0 -0
60.35 0 -0
60.45 0 -0
60.55 0 -0
60.65 0 -0
60.75 0 -0
60.85 0 -0
60.95 0 -0
61.05 0 -0
61.15 0 -0
61.25 0 -0
61.35 0 -0
61.45 0 -0
61.55 0 -0
61.65 0 -0
61.75 0 -0
61.85 0 -0
61.95 0 -0
62.05 0 -0
62.15 0 -0
62.25 0 -0
62.35 0 -0
62.45 0 -0
62.55 0 -0
62.65 0 -0
62.75 0 -0
62.85 0 -0
62.95 0 -0
63.05 0 -0
63.15 0 -0
63.25 0 -0
63.35 0 -0
63.45 0 -0
63.55 0 -0
63.65 0 -0
63.75 0 -0
63.85 0 -0
63.95 0 -0
64.05 0 -0
64.15 0 -0
64.25 0 -0
64.35 0 -0
64.45 0 -0
64.55 0 -0
64.65 0 -0
64.75 0 -0
64.85 0 -0
64.95 0 -0
65.05 0 -0
65.15 0 -0
65.25 0 -0
65.35 0 -0
65.45 0 -0
65.55 0 -0
65.65 0 -0
65.75 0 -0
65.85 0 -0
65.95 0 -0
66.05 0 -0
66.15 0 -0
66.25 0 -0
66.35 0 -0
66.45 0 -0
66.55 0 -0
66.65 0 -0
66.75 0 -0
66.85 0 -0
66.95 0 -0
67.05 0 -0
67.15 0 -0
67.25 0 -0
67.35 0 -0
67.45 0 -0
67.55 0 -0
67.65 0 -0
67.75 0 -0
67.85 0 -0
67.95 0 -0
68.05 0 -0
68.15 0 -0
68.25 0 -0
68.35 0 -0
68.45 0 -0
68.55 0 -0
68.65 0 -0
68.75 0 -0
68.85 0 -0
68.95 0 -0
69.05 0 -0
69.15 0 -0
69.25 0 -0
69.35 0 -0
69.45 0 -0
69.55 0 -0
69.65 0 -0
69.75 0 -0
69.85 0 -0
69.95 0 -0
70.05 0 -0
70.15 0 -0
70.25 0 -0
70.35 0 -0
70.45 0 -0
70.55 0 -0
70.65 0 -0
70.75 0 -0
70.85 0 -0
70.95 0 -0
71.05 0 -0
71.15 0 -0
71.25 0 -0
71.35 0 -0
71.45 0 -0
71.55 0 -0
71.65 0 -0
71.75 0 -0
71.85 0 -0
71.95 0 -0
72.05 0 -0
72.15 0 -0
72.25 0 -0
72.35 0 -0
72.45 0 -0
72.55 0 -0
72.65 0 -0
72.75 0 -0
72.85 0 -0
72.95 0 -0
73.05 0 -0
73.15 0 -0
73.25 0 -0
73.35 0 -0
73.45 0 -0
73.55 0 -0
73.65 0 -0
73.75 0 -0
73.85 0 -0
73.95 0 -0
74.05 0 -0
74.15 0 -0
74.25 0 -0
74.35 0 -0
74.45 0 -0
74.55 0 -0
74.65 0 -0
74.75 0 -0
74.85 0 -0
74.95 0 -0
75.05 0 -0
75.15 0 -0
75.25 0 -0
75.35 0 -0
75.45 0 -0
75.55 0 -0
75.65 0 -0
75.75 0 -0
75.85 0 -0
75.95 0 -0
76.05 0 -0
76.15 0 -0
76.25 0 -0
76.35 0 -0
76.45 0 -0
76.55 0 -0
76.65 0 -0
76.75 0 -0
76.85 0 -0
76.95 0 -0
77.05 0 -0
77.15 0 -0
77.25 0 -0
77.35 0 -0
77.45 0 -0
77.55 0 -0
77.65 0 -0
77.75 0 -0
77.85 0 -0
77.95 0 -0
78.05 0 -0
78.15 0 -0
78.25 0 -0
78.35 0 -0
78.45 0 -0
78.55 0 -0
78.65 0 -0
78.75 0 -0
78.85 0 -0
78.95 0 -0
79.05 0 -0
79.15 0 -0
79.25 0 -0
79.35 0 -0
79.45 0 -0
79.55 0 -0
79.65 0 -0
79.75 0 -0
79.85 0 -0
79.95 0 -0
80.05 0 -0
80.15 0 -0
80.25 0 -0
80.35 0 -0
80.45 0 -0
80.55 0 -0
80.65 0 -0
80.75 0 -0
80.85 0 -0
80.95 0 -0
81.05 0 -0
81.15 0 -0
81.25 0 -0
81.35 0 -0
81.45 0 -0
81.55 0 -0
81.65 0 -0
81.75 0 -0
81.85 0 -0
81.95 0 -0
82.05 0 -0
82.15 0 -0
82.25 0 -0
82.35 0 -0
82.45 0 -0
82.55 0 -0
82.65 0 -0
82.75 0 -0
82.85 0 -0
82.95 0 -0
83.05 0 -0
83.15 0 -0
83.25 0 -0
83.35 0 -0
83.45 0 -0
83.55 0 -0
83.65 0 -0
83.75 0 -0
83.85 0 -0
83.95 0 -0
84.05 0 -0
84.15 0 -0
84.25 0 -0
84.35 0 -0
84.45 0 -0
84.55 0 -0
84.65 0 -0
84.75 0 -0
84.85 0 -0
84.95 0 -0
85.05 0 -0
85.15 0 -0
85.25 0 -0
85.35 0 -0
85.45 0 -0
85.55 0 -0
85.65 0 -0
85.75 0 -0
85.85 0 -0
85.95 0 -0
86.05 0 -0
86.15 0 -0
86.25 0 -0
86.35 0 -0
86.45 0 -0
86.55 0 -0
86.65 0 -0
86.75 0 -0
86.85 0 -0
86.95 0 -0
87.05 0 -0
87.15 0 -0
87.25 0 -0
87.35 0 -0
87.45 0 -0
87.55 0 -0
87.65 0 -0
87.75 0 -0
87.85 0 -0
87.95 0 -0
88.05 0 -0
88.15 0 -0
88.25 0 -0
88.35 0 -0
88.45 0 -0
88.55 0 -0
88.65 0 -0
88.75 0 -0
88.85 0 -0
88.95 0 -0
89.05 0 -0
89.15 0 -0
89.25 0 -0
89.35 0 -0
89.45 0 -0
89.55 0 -0
89.65 0 -0
89.75 0 -0
89.85 0 -0
89.95 0 -0
90.05 0 -0
90.15 0 -0
90.25 0 -0
90.35 0 -0
90.45 0 -0
90.55 0 -0
90.65 0 -0
90.75 0 -0
90.85 0 -0
90.95 0 -0
91.05 0 -0
91.15 0 -0
91.25 0 -0
91.35 0 -0
91.45 0 -0
91.55 0 -0
91.65 0 -0
91.75 0 -0
91.85 0 -0
91.95 0 -0
92.05 0 -0
92.15 0 -0
92.25 0 -0
92.35 0 -0
92.45 0 -0
92.55 0 -0
92.65 0 -0
92.75 0 -0
92.85 0 -0
92.95 0 -0
93.05 0 -0
93.15 0 -0
93.25 0 -0
93.35 0 -0
93.45 0 -0
93.55 0 -0
93.65 0 -0
93.75 0 -0
93.85 0 -0
93.95 0 -0
94.05 0 -0
94.15 0 -0
94.25 0 -0
94.35 0 -0
94.45 0 -0
94.55 0 -0
94.65 0 -0
94.75 0 -0
94.85 0 -0
94.95 0 -0
95.05 0 -0
95.15 0 -0
95.25 0 -0
95.35 0 -0
95.45 0 -0
95.55 0 -0
95.65 0 -0
95.75 0 -0
95.85 0 -0
95.95 0 -0
96.05 0 -0
96.15 0 -0
96.25 0 -0
96.35 0 -0
96.45 0 -0
96.55 0 -0
96.65 0 -0
96.75 0 -0
96.85 0 -0
96.95 0 -0
97.05 0 -0
97.15 0 -0
97.25 0 -0
97.35 0 -0
97.45 0 -0
97.55 0 -0
97.65 0 -0
97.75 0 -0
97.85 0 -0
97.95 0 -0
98.05 0 -0
98.15 0 -0
98.25 0 -0
98.35 0 -0
98.45 0 -0
98.55 0 -0
98.65 0 -0
98.75 0 -0
98.85 0 -0
98.95 0 -0
99.05 0 -0
99.15 0 -0
99.25 0 -0
99.35 0 -0
99.45 0 -0
99.55 0 -0
99.65 0 -0
99.75 0 -0
99.85 0 -0
99.95 0 -0
