# column 1: diameter d [A]
# column 2: cumulative pore volume
# column 3: PSD
# value at d=0 is related to the void-fraction
0.05 0.7988 -0
0.15 0.7988 0.001
0.25 0.7987 0.004
0.35 0.7984 0.003
0.45 0.7984 0.007
0.55 0.7977 0.008
0.65 0.7976 0.002
0.75 0.7975 0.005
0.85 0.7971 0.006
0.95 0.7969 0.01
1.05 0.7961 0.014
1.15 0.7955 0.009
1.25 0.7952 0.004
1.35 0.7951 0.012
1.45 0.794 0.018
1.55 0.7933 0.013
1.65 0.7927 0.011
1.75 0.7922 0.015
1.85 0.7912 0.019
1.95 0.7903 0.018
2.05 0.7894 0.012
2.15 0.7891 0.01
2.25 0.7884 0.011
2.35 0.788 0.014
2.45 0.787 0.018
2.55 0.7862 0.016
2.65 0.7854 0.013
2.75 0.7849 0.019
2.85 0.7835 0.02
2.95 0.7829 0.016
3.05 0.7819 0.017
3.15 0.7812 0.014
3.25 0.7805 0.014
3.35 0.7798 0.014
3.45 0.7791 0.021
3.55 0.7777 0.02
3.65 0.7771 0.009
3.75 0.7768 0.015
3.85 0.7756 0.024
3.95 0.7744 0.017
4.05 0.7739 0.015
4.15 0.7729 0.02
4.25 0.7719 0.014
4.35 0.7715 0.016
4.45 0.7703 0.02
4.55 0.7695 0.024
4.65 0.7679 0.022
4.75 0.7673 0.022
4.85 0.7657 0.021
4.95 0.7652 0.016
5.05 0.7641 0.02
5.15 0.7632 0.017
5.25 0.7624 0.013
5.35 0.7619 0.014
5.45 0.761 0.015
5.55 0.7604 0.011
5.65 0.7599 0.017
5.75 0.7587 0.021
5.85 0.7578 0.016
5.95 0.7571 0.014
6.05 0.7564 0.02
6.15 0.7551 0.021
6.25 0.7543 0.02
6.35 0.7531 0.025
6.45 0.7518 0.028
6.55 0.7503 0.03
6.65 0.7488 0.026
6.75 0.7477 0.027
6.85 0.7461 0.029
6.95 0.7448 0.02
7.05 0.7441 0.019
7.15 0.7429 0.021
7.25 0.742 0.021
7.35 0.7408 0.027
7.45 0.7393 0.025
7.55 0.7383 0.021
7.65 0.7372 0.024
7.75 0.7359 0.025
7.85 0.7347 0.021
7.95 0.7338 0.027
8.05 0.732 0.033
8.15 0.7305 0.029
8.25 0.7291 0.033
8.35 0.7272 0.035
8.45 0.7256 0.036
8.55 0.7236 0.037
8.65 0.7219 0.039
8.75 0.7197 0.046
8.85 0.7173 0.047
8.95 0.715 0.046
9.05 0.7127 0.046
9.15 0.7104 0.04
9.25 0.7087 0.041
9.35 0.7063 0.068
9.45 0.7019 0.085
9.55 0.6978 0.069
9.65 0.695 0.072
9.75 0.6906 0.094
9.85 0.6856 0.143
9.95 0.6763 0.229
10.05 0.6627 0.326
10.15 0.6437 0.357
10.25 0.627 0.255
10.35 0.6182 0.129
10.45 0.6141 0.075
10.55 0.6107 0.057
10.65 0.6084 0.06
10.75 0.6047 0.071
10.85 0.6013 0.059
10.95 0.5988 0.05
11.05 0.5963 0.053
11.15 0.5935 0.059
11.25 0.5904 0.061
11.35 0.5874 0.051
11.45 0.5853 0.05
11.55 0.5824 0.066
11.65 0.5787 0.072
11.75 0.5752 0.072
11.85 0.5715 0.07
11.95 0.5682 0.081
12.05 0.5634 0.097
12.15 0.5585 0.097
12.25 0.5537 0.088
12.35 0.5497 0.079
12.45 0.5458 0.079
12.55 0.5418 0.106
12.65 0.5352 0.134
12.75 0.5284 0.159
12.85 0.5193 0.209
12.95 0.5075 0.222
13.05 0.4971 0.199
13.15 0.4876 0.218
13.25 0.4753 0.219
13.35 0.4657 0.212
13.45 0.4541 0.289
13.55 0.4368 0.585
13.65 0.3956 0.92
13.75 0.3448 0.658
13.85 0.3298 0.155
13.95 0.3293 0.009
14.05 0.3289 0.007
14.15 0.3286 0.006
14.25 0.3283 0.01
14.35 0.3276 0.014
14.45 0.3269 0.011
14.55 0.3265 0.01
14.65 0.3259 0.011
14.75 0.3254 0.012
14.85 0.3247 0.01
14.95 0.3244 0.005
15.05 0.3242 0.007
15.15 0.3237 0.008
15.25 0.3234 0.008
15.35 0.3229 0.01
15.45 0.3224 0.008
15.55 0.3221 0.005
15.65 0.3219 0.005
15.75 0.3216 0.011
15.85 0.3208 0.009
15.95 0.3207 0.01
16.05 0.3198 0.012
16.15 0.3195 0.006
16.25 0.3192 0.004
16.35 0.3191 0.003
16.45 0.3189 0.007
16.55 0.3184 0.008
16.65 0.3181 0.004
16.75 0.318 0.006
16.85 0.3175 0.009
16.95 0.3171 0.007
17.05 0.3168 0.008
17.15 0.3163 0.011
17.25 0.3157 0.009
17.35 0.3154 0.006
17.45 0.3151 0.008
17.55 0.3146 0.008
17.65 0.3143 0.006
17.75 0.314 0.01
17.85 0.3133 0.015
17.95 0.3125 0.01
18.05 0.3123 0.012
18.15 0.3113 0.016
18.25 0.3107 0.009
18.35 0.3104 0.008
18.45 0.3099 0.008
18.55 0.3096 0.008
18.65 0.3091 0.01
18.75 0.3086 0.011
18.85 0.308 0.016
18.95 0.307 0.016
19.05 0.3064 0.016
19.15 0.3054 0.013
19.25 0.3051 0.012
19.35 0.3042 0.02
19.45 0.3031 0.02
19.55 0.3022 0.019
19.65 0.3012 0.015
19.75 0.3007 0.012
19.85 0.3 0.015
19.95 0.2992 0.013
20.05 0.2987 0.012
20.15 0.298 0.016
20.25 0.2971 0.022
20.35 0.2958 0.02
20.45 0.2951 0.013
20.55 0.2945 0.008
20.65 0.2943 0.004
20.75 0.2941 0.005
20.85 0.2938 0.009
20.95 0.2932 0.015
21.05 0.2923 0.017
21.15 0.2915 0.014
21.25 0.2909 0.015
21.35 0.29 0.019
21.45 0.289 0.02
21.55 0.288 0.019
21.65 0.2871 0.018
21.75 0.2862 0.02
21.85 0.2851 0.019
21.95 0.2843 0.021
22.05 0.283 0.026
22.15 0.2817 0.033
22.25 0.2797 0.029
22.35 0.2788 0.018
22.45 0.2779 0.023
22.55 0.2765 0.028
22.65 0.2751 0.054
22.75 0.2711 0.131
22.85 0.262 0.228
22.95 0.2483 0.301
23.05 0.2319 0.537
23.15 0.1946 1.174
23.25 0.1145 1.605
23.35 0.0341 1.136
23.45 0.0009 0.341
23.55 0 0.009
23.65 0 -0
23.75 0 -0
23.85 0 -0
23.95 0 -0
24.05 0 -0
24.15 0 -0
24.25 0 -0
24.35 0 -0
24.45 0 -0
24.55 0 -0
24.65 0 -0
24.75 0 -0
24.85 0 -0
24.95 0 -0
25.05 0 -0
25.15 0 -0
25.25 0 -0
25.35 0 -0
25.45 0 -0
25.55 0 -0
25.65 0 -0
25.75 0 -0
25.85 0 -0
25.95 0 -0
26.05 0 -0
26.15 0 -0
26.25 0 -0
26.35 0 -0
26.45 0 -0
26.55 0 -0
26.65 0 -0
26.75 0 -0
26.85 0 -0
26.95 0 -0
27.05 0 -0
27.15 0 -0
27.25 0 -0
27.35 0 -0
27.45 0 -0
27.55 0 -0
27.65 0 -0
27.75 0 -0
27.85 0 -0
27.95 0 -0
28.05 0 -0
28.15 0 -0
28.25 0 -0
28.35 0 -0
28.45 0 -0
28.55 0 -0
28.65 0 -0
28.75 0 -0
28.85 0 -0
28.95 0 -0
29.05 0 -0
29.15 0 -0
29.25 0 -0
29.35 0 -0
29.45 0 -0
29.55 0 -0
29.65 0 -0
29.75 0 -0
29.85 0 -0
29.95 0 -0
30.05 0 -0
30.15 0 -0
30.25 0 -0
30.35 0 -0
30.45 0 -0
30.55 0 -0
30.65 0 -0
30.75 0 -0
30.85 0 -0
30.95 0 -0
31.05 0 -0
31.15 0 -0
31.25 0 -0
31.35 0 -0
31.45 0 -0
31.55 0 -0
31.65 0 -0
31.75 0 -0
31.85 0 -0
31.95 0 -0
32.05 0 -0
32.15 0 -0
32.25 0 -0
32.35 0 -0
32.45 0 -0
32.55 0 -0
32.65 0 -0
32.75 0 -0
32.85 0 -0
32.95 0 -0
33.05 0 -0
33.15 0 -0
33.25 0 -0
33.35 0 -0
33.45 0 -0
33.55 0 -0
33.65 0 -0
33.75 0 -0
33.85 0 -0
33.95 0 -0
34.05 0 -0
34.15 0 -0
34.25 0 -0
34.35 0 -0
34.45 0 -0
34.55 0 -0
34.65 0 -0
34.75 0 -0
34.85 0 -0
34.95 0 -0
35.05 0 -0
35.15 0 -0
35.25 0 -0
35.35 0 -0
35.45 0 -0
35.55 0 -0
35.65 0 -0
35.75 0 -0
35.85 0 -0
35.95 0 -0
36.05 0 -0
36.15 0 -0
36.25 0 -0
36.35 0 -0
36.45 0 -0
36.55 0 -0
36.65 0 -0
36.75 0 -0
36.85 0 -0
36.95 0 -0
37.05 0 -0
37.15 0 -0
37.25 0 -0
37.35 0 -0
37.45 0 -0
37.55 0 -0
37.65 0 -0
37.75 0 -0
37.85 0 -0
37.95 0 -0
38.05 0 -0
38.15 0 -0
38.25 0 -0
38.35 0 -0
38.45 0 -0
38.55 0 -0
38.65 0 -0
38.75 0 -0
38.85 0 -0
38.95 0 -0
39.05 0 -0
39.15 0 -0
39.25 0 -0
39.35 0 -0
39.45 0 -0
39.55 0 -0
39.65 0 -0
39.75 0 -0
39.85 0 -0
39.95 0 -0
40.05 0 -0
40.15 0 -0
40.25 0 -0
40.35 0 -0
40.45 0 -0
40.55 0 -0
40.65 0 -0
40.75 0 -0
40.85 0 -0
40.95 0 -0
41.05 0 -0
41.15 0 -0
41.25 0 -0
41.35 0 -0
41.45 0 -0
41.55 0 -0
41.65 0 -0
41.75 0 -0
41.85 0 -0
41.95 0 -0
42.05 0 -0
42.15 0 -0
42.25 0 -0
42.35 0 -0
42.45 0 -0
42.55 0 -0
42.65 0 -0
42.75 0 -0
42.85 0 -0
42.95 0 -0
43.05 0 -0
43.15 0 -0
43.25 0 -0
43.35 0 -0
43.45 0 -0
43.55 0 -0
43.65 0 -0
43.75 0 -0
43.85 0 -0
43.95 0 -0
44.05 0 -0
44.15 0 -0
44.25 0 -0
44.35 0 -0
44.45 0 -0
44.55 0 -0
44.65 0 -0
44.75 0 -0
44.85 0 -0
44.95 0 -0
45.05 0 -0
45.15 0 -0
45.25 0 -0
45.35 0 -0
45.45 0 -0
45.55 0 -0
45.65 0 -0
45.75 0 -0
45.85 0 -0
45.95 0 -0
46.05 0 -0
46.15 0 -0
46.25 0 -0
46.35 0 -0
46.45 0 -0
46.55 0 -0
46.65 0 -0
46.75 0 -0
46.85 0 -0
46.95 0 -0
47.05 0 -0
47.15 0 -0
47.25 0 -0
47.35 0 -0
47.45 0 -0
47.55 0 -0
47.65 0 -0
47.75 0 -0
47.85 0 -0
47.95 0 -0
48.05 0 -0
48.15 0 -0
48.25 0 -0
48.35 0 -0
48.45 0 -0
48.55 0 -0
48.65 0 -0
48.75 0 -0
48.85 0 -0
48.95 0 -0
49.05 0 -0
49.15 0 -0
49.25 0 -0
49.35 0 -0
49.45 0 -0
49.55 0 -0
49.65 0 -0
49.75 0 -0
49.85 0 -0
49.95 0 -0
50.05 0 -0
50.15 0 -0
50.25 0 -0
50.35 0 -0
50.45 0 -0
50.55 0 -0
50.65 0 -0
50.75 0 -0
50.85 0 -0
50.95 0 -0
51.05 0 -0
51.15 0 -0
51.25 0 -0
51.35 0 -0
51.45 0 -0
51.55 0 -0
51.65 0 -0
51.75 0 -0
51.85 0 -0
51.95 0 -0
52.05 0 -0
52.15 0 -0
52.25 0 -0
52.35 0 -0
52.45 0 -0
52.55 0 -0
52.65 0 -0
52.75 0 -0
52.85 0 -0
52.95 0 -0
53.05 0 -0
53.15 0 -0
53.25 0 -0
53.35 0 -0
53.45 0 -0
53.55 0 -0
53.65 0 -0
53.75 0 -0
53.85 0 -0
53.95 0 -0
54.05 0 -0
54.15 0 -0
54.25 0 -0
54.35 0 -0
54.45 0 -0
54.55 0 -0
54.65 0 -0
54.75 0 -0
54.85 0 -0
54.95 0 -0
55.05 0 -0
55.15 0 -0
55.25 0 -0
55.35 0 -0
55.45 0 -0
55.55 0 -0
55.65 0 -0
55.75 0 -0
55.85 0 -0
55.95 0 -0
56.05 0 -0
56.15 0 -0
56.25 0 -0
56.35 0 -0
56.45 0 -0
56.55 0 -0
56.65 0 -0
56.75 0 -0
56.85 0 -0
56.95 0 -0
57.05 0 -0
57.15 0 -0
57.25 0 -0
57.35 0 -0
57.45 0 -0
57.55 0 -0
57.65 0 -0
57.75 0 -0
57.85 0 -0
57.95 0 -0
58.05 0 -0
58.15 0 -0
58.25 0 -0
58.35 0 -0
58.45 0 -0
58.55 0 -0
58.65 0 -0
58.75 0 -0
58.85 0 -0
58.95 0 -0
59.05 0 -0
59.15 0 -0
59.25 0 -0
59.35 0 -0
59.45 0 -0
59.55 0 -0
59.65 0 -0
59.75 0 -0
59.85 0 -0
59.95 0 -0
60.05 0 -0
60.15 0 -0
60.25 0 -0
60.35 0 -0
60.45 0 -0
60.55 0 -0
60.65 0 -0
60.75 0 -0
60.85 0 -0
60.95 0 -0
61.05 0 -0
61.15 0 -0
61.25 0 -0
61.35 0 -0
61.45 0 -0
61.55 0 -0
61.65 0 -0
61.75 0 -0
61.85 0 -0
61.95 0 -0
62.05 0 -0
62.15 0 -0
62.25 0 -0
62.35 0 -0
62.45 0 -0
62.55 0 -0
62.65 0 -0
62.75 0 -0
62.85 0 -0
62.95 0 -0
63.05 0 -0
63.15 0 -0
63.25 0 -0
63.35 0 -0
63.45 0 -0
63.55 0 -0
63.65 0 -0
63.75 0 -0
63.85 0 -0
63.95 0 -0
64.05 0 -0
64.15 0 -0
64.25 0 -0
64.35 0 -0
64.45 0 -0
64.55 0 -0
64.65 0 -0
64.75 0 -0
64.85 0 -0
64.95 0 -0
65.05 0 -0
65.15 0 -0
65.25 0 -0
65.35 0 -0
65.45 0 -0
65.55 0 -0
65.65 0 -0
65.75 0 -0
65.85 0 -0
65.95 0 -0
66.05 0 -0
66.15 0 -0
66.25 0 -0
66.35 0 -0
66.45 0 -0
66.55 0 -0
66.65 0 -0
66.75 0 -0
66.85 0 -0
66.95 0 -0
67.05 0 -0
67.15 0 -0
67.25 0 -0
67.35 0 -0
67.45 0 -0
67.55 0 -0
67.65 0 -0
67.75 0 -0
67.85 0 -0
67.95 0 -0
68.05 0 -0
68.15 0 -0
68.25 0 -0
68.35 0 -0
68.45 0 -0
68.55 0 -0
68.65 0 -0
68.75 0 -0
68.85 0 -0
68.95 0 -0
69.05 0 -0
69.15 0 -0
69.25 0 -0
69.35 0 -0
69.45 0 -0
69.55 0 -0
69.65 0 -0
69.75 0 -0
69.85 0 -0
69.95 0 -0
70.05 0 -0
70.15 0 -0
70.25 0 -0
70.35 0 -0
70.45 0 -0
70.55 0 -0
70.65 0 -0
70.75 0 -0
70.85 0 -0
70.95 0 -0
71.05 0 -0
71.15 0 -0
71.25 0 -0
71.35 0 -0
71.45 0 -0
71.55 0 -0
71.65 0 -0
71.75 0 -0
71.85 0 -0
71.95 0 -0
72.05 0 -0
72.15 0 -0
72.25 0 -0
72.35 0 -0
72.45 0 -0
72.55 0 -0
72.65 0 -0
72.75 0 -0
72.85 0 -0
72.95 0 -0
73.05 0 -0
73.15 0 -0
73.25 0 -0
73.35 0 -0
73.45 0 -0
73.55 0 -0
73.65 0 -0
73.75 0 -0
73.85 0 -0
73.95 0 -0
74.05 0 -0
74.15 0 -0
74.25 0 -0
74.35 0 -0
74.45 0 -0
74.55 0 -0
74.65 0 -0
74.75 0 -0
74.85 0 -0
74.95 0 -0
75.05 0 -0
75.15 0 -0
75.25 0 -0
75.35 0 -0
75.45 0 -0
75.55 0 -0
75.65 0 -0
75.75 0 -0
75.85 0 -0
75.95 0 -0
76.05 0 -0
76.15 0 -0
76.25 0 -0
76.35 0 -0
76.45 0 -0
76.55 0 -0
76.65 0 -0
76.75 0 -0
76.85 0 -0
76.95 0 -0
77.05 0 -0
77.15 0 -0
77.25 0 -0
77.35 0 -0
77.45 0 -0
77.55 0 -0
77.65 0 -0
77.75 0 -0
77.85 0 -0
77.95 0 -0
78.05 0 -0
78.15 0 -0
78.25 0 -0
78.35 0 -0
78.45 0 -0
78.55 0 -0
78.65 0 -0
78.75 0 -0
78.85 0 -0
78.95 0 -0
79.05 0 -0
79.15 0 -0
79.25 0 -0
79.35 0 -0
79.45 0 -0
79.55 0 -0
79.65 0 -0
79.75 0 -0
79.85 0 -0
79.95 0 -0
80.05 0 -0
80.15 0 -0
80.25 0 -0
80.35 0 -0
80.45 0 -0
80.55 0 -0
80.65 0 -0
80.75 0 -0
80.85 0 -0
80.95 0 -0
81.05 0 -0
81.15 0 -0
81.25 0 -0
81.35 0 -0
81.45 0 -0
81.55 0 -0
81.65 0 -0
81.75 0 -0
81.85 0 -0
81.95 0 -0
82.05 0 -0
82.15 0 -0
82.25 0 -0
82.35 0 -0
82.45 0 -0
82.55 0 -0
82.65 0 -0
82.75 0 -0
82.85 0 -0
82.95 0 -0
83.05 0 -0
83.15 0 -0
83.25 0 -0
83.35 0 -0
83.45 0 -0
83.55 0 -0
83.65 0 -0
83.75 0 -0
83.85 0 -0
83.95 0 -0
84.05 0 -0
84.15 0 -0
84.25 0 -0
84.35 0 -0
84.45 0 -0
84.55 0 -0
84.65 0 -0
84.75 0 -0
84.85 0 -0
84.95 0 -0
85.05 0 -0
85.15 0 -0
85.25 0 -0
85.35 0 -0
85.45 0 -0
85.55 0 -0
85.65 0 -0
85.75 0 -0
85.85 0 -0
85.95 0 -0
86.05 0 -0
86.15 0 -0
86.25 0 -0
86.35 0 -0
86.45 0 -0
86.55 0 -0
86.65 0 -0
86.75 0 -0
86.85 0 -0
86.95 0 -0
87.05 0 -0
87.15 0 -0
87.25 0 -0
87.35 0 -0
87.45 0 -0
87.55 0 -0
87.65 0 -0
87.75 0 -0
87.85 0 -0
87.95 0 -0
88.05 0 -0
88.15 0 -0
88.25 0 -0
88.35 0 -0
88.45 0 -0
88.55 0 -0
88.65 0 -0
88.75 0 -0
88.85 0 -0
88.95 0 -0
89.05 0 -0
89.15 0 -0
89.25 0 -0
89.35 0 -0
89.45 0 -0
89.55 0 -0
89.65 0 -0
89.75 0 -0
89.85 0 -0
89.95 0 -0
90.05 0 -0
90.15 0 -0
90.25 0 -0
90.35 0 -0
90.45 0 -0
90.55 0 -0
90.65 0 -0
90.75 0 -0
90.85 0 -0
90.95 0 -0
91.05 0 -0
91.15 0 -0
91.25 0 -0
91.35 0 -0
91.45 0 -0
91.55 0 -0
91.65 0 -0
91.75 0 -0
91.85 0 -0
91.95 0 -0
92.05 0 -0
92.15 0 -0
92.25 0 -0
92.35 0 -0
92.45 0 -0
92.55 0 -0
92.65 0 -0
92.75 0 -0
92.85 0 -0
92.95 0 -0
93.05 0 -0
93.15 0 -0
93.25 0 -0
93.35 0 -0
93.45 0 -0
93.55 0 -0
93.65 0 -0
93.75 0 -0
93.85 0 -0
93.95 0 -0
94.05 0 -0
94.15 0 -0
94.25 0 -0
94.35 0 -0
94.45 0 -0
94.55 0 -0
94.65 0 -0
94.75 0 -0
94.85 0 -0
94.95 0 -0
95.05 0 -0
95.15 0 -0
95.25 0 -0
95.35 0 -0
95.45 0 -0
95.55 0 -0
95.65 0 -0
95.75 0 -0
95.85 0 -0
95.95 0 -0
96.05 0 -0
96.15 0 -0
96.25 0 -0
96.35 0 -0
96.45 0 -0
96.55 0 -0
96.65 0 -0
96.75 0 -0
96.85 0 -0
96.95 0 -0
97.05 0 -0
97.15 0 -0
97.25 0 -0
97.35 0 -0
97.45 0 -0
97.55 0 -0
97.65 0 -0
97.75 0 -0
97.85 0 -0
97.95 0 -0
98.05 0 -0
98.15 0 -0
98.25 0 -0
98.35 0 -0
98.45 0 -0
98.55 0 -0
98.65 0 -0
98.75 0 -0
98.85 0 -0
98.95 0 -0
99.05 0 -0
99.15 0 -0
99.25 0 -0
99.35 0 -0
99.45 0 -0
99.55 0 -0
99.65 0 -0
99.75 0 -0
99.85 0 -0
99.95 0 -0
