# Name, Value([helium] Average Widom Rosenbluth-weight), Error(+/-),UnitCells (L > = 2.4 nm)
COF-1   , 0.336782, 0.000237, 2 2 4
COF-102 , , 1 1 1
COF-103 , , 1 1 1
COF-105 , , 1 1 1
COF-108 , , 1 1 1
COF-202 , , 1 1 1
COF-300 , , 1 1 1
COF-5   , , 1 1 8
Cd3BTB2 , 0.600439, 0.000229, 3 2 2
Co(2,6-NDP), 1 1 1
Co-DOBDC, 0.706605, 0.000366, 1 1 4
CoBDP-Dubbeldam, 0.6595, 0.000969, 2 2 2
CoBDP   , 0.668751, 0.000511, 2 2 2
Cu-BTC  , 0.746036, 0.000849, 1 1 1
IRMOF-1 , 0.803861, 0.000618, 1 1 1
IRMOF-10, 0.893183, 0.000489, 1 1 1
IRMOF-11, , 1 1 1
IRMOF-12, , 1 1 1
IRMOF-13, , 1 1 1
IRMOF-14, , 1 1 1
IRMOF-15, , 2 2 2
IRMOF-16, 0.919271, 0.000420, 1 1 1
IRMOF-2 , , 1 1 1
IRMOF-3 , , 1 1 1
IRMOF-4 , , 1 1 1
IRMOF-5 , , 1 1 1
IRMOF-6 , , 1 1 1
IRMOF-7 , , 1 1 1
IRMOF-8 , , 1 1 1
IRMOF-9 , , 2 2 1
MAF-X8  , 0.494561, 0.000444, 2 1 1
MIL-100-primitive, 0.712473, 0.000540, 1 1 1
MIL-47  , 0.608830, 0.001565, 4 2 2
MIL-53(Cr)lt, , 2 4 4
MOF-177 , 0.835133, 0.000978, 1 1 1
MOF-210 , 0.904819, 0.000719, 1 1 1
Mg-DOBDC, 0.725881, 0.000416, 1 1 4
MgMOF-74, 0.717616, 0.000347, 1 1 4
NU-100SP-primitive, 0.896332, 0.000475, 1 1 1
Ni-DOBDC, 0.694542, 0.000912, 1 1 4
PCN-60  , 0.824564, 0.000848, 1 1 1
UIO-66  , 0.496594, 0.001268, 2 2 2
UMCM-1  , 0.866542, 0.000910, 1 1 2
ZIF-8   , 0.483934, 0.001290, 2 2 2
ZIF-90  , 0.507219, 0.000827, 2 2 2
ZnBDC   , 0.518062, 0.003353, 4 2 2
ZnBDCdabco, 0.629657, 0.000793, 3 3 3
ZnMOF-74, 0.715319, 0.000979, 1 1 4
Zr-TPDC , 0.763531, 0.000264, 1 1 1
